-100 45 60
6 11
5 13
2 11
8 14
3 20
2 11
6 20
7 6
0 14
7 4
6 1
6 16
0 9
6 7
6 5
8 4
0 15
7 14
8 15
2 1
6 16
3 11
6 5
0 9
7 11
4 13
7 16
5 6
1 16
4 16
4 13
7 3
8 15
5 18
7 1
3 3
7 20
3 20
4 13
4 18
0 11
2 13
5 10
0 11
5 4
-50 91 41
5 19
1 16
2 12
2 7
6 15
7 5
4 16
3 3
8 11
4 11
8 15
6 8
5 2
1 10
3 18
0 10
0 16
5 6
4 6
0 17
2 11
3 16
4 13
1 12
9 3
3 7
7 6
9 11
3 15
5 1
6 10
2 11
6 13
2 14
6 7
6 1
7 7
1 9
1 18
1 18
1 8
7 4
8 18
5 4
3 3
6 14
0 19
7 6
6 2
7 12
9 10
3 15
8 8
1 8
3 13
0 10
1 18
9 12
3 13
2 20
5 20
2 1
4 5
0 12
1 12
3 4
2 7
4 5
8 7
6 11
6 19
3 18
5 1
2 7
6 15
8 17
4 20
4 8
2 15
1 17
0 4
2 19
3 10
8 11
9 13
8 8
3 8
9 14
6 3
4 8
5 13
-61 3 48
0 15
2 8
9 4
-97 37 46
2 15
1 7
8 13
7 4
1 5
6 7
3 18
4 16
0 8
8 12
4 11
4 18
6 20
2 1
0 13
0 13
2 6
8 17
9 8
0 20
5 15
3 3
2 2
5 3
9 10
4 5
0 11
8 2
7 3
6 12
0 7
4 5
0 17
2 3
8 3
3 5
2 17
27 53 85
2 8
1 7
6 16
4 2
6 17
7 4
9 2
5 16
8 19
0 20
7 12
9 14
6 17
1 17
6 14
3 17
0 20
9 12
7 8
3 11
7 13
0 8
4 9
5 20
3 17
1 10
3 4
4 17
9 4
3 11
1 15
5 11
5 1
9 16
3 15
3 18
7 5
6 17
7 18
2 19
6 6
3 6
6 2
2 2
2 14
7 15
0 12
7 7
7 15
9 11
8 1
6 5
9 8
