10 4 6 30
12 12 5 5
20 1 4 6
7 1 12 20
10 0 10 100
1 1 100 100
5 4 20 25
24 12 4 10
1 0 100 100
13 2 33 96
24 24 22 76
20 6 4 100
22 16 4 100
14 11 83 84
22 20 17 70
15 2 57 57
23 23 80 88
16 11 94 95
7 4 18 88
11 9 48 74
21 21 60 94
6 3 25 69
24 20 69 82
16 12 2 89
9 5 18 35
24 21 59 65
22 16 74 96
21 20 3 86
13 12 10 75
24 7 11 86
24 17 62 87
24 24 98 98
24 22 82 92
21 15 21 84
22 21 16 38
6 3 44 78
24 24 35 43
3 1 61 75
13 5 37 81
3 3 97 100
8 4 100 100
21 11 51 70
24 7 63 85
20 15 91 94
4 2 21 84
20 18 10 49
11 9 57 78
5 1 83 87
21 21 97 100
22 13 1 85
22 16 10 89
23 19 34 83
23 22 73 83
24 24 6 90
23 20 49 64
24 23 61 87
5 1 36 50
21 16 90 90
21 16 10 29
1 1 56 59
20 1 35 64
17 8 32 50
16 7 30 70
16 16 92 95
18 17 19 75
24 14 59 92
24 20 86 98
14 12 15 94
22 22 70 100
22 11 19 94
23 15 64 80
15 12 89 90
19 18 41 59
15 1 37 60
15 13 70 87
24 24 44 47
20 6 81 86
5 5 82 97
17 1 2 21
21 11 89 90
23 4 80 93
21 21 82 98
4 4 51 78
3 1 60 93
24 22 86 86
21 16 58 62
17 13 44 72
15 15 48 98
23 20 73 76
17 17 52 68
10 9 24 47
16 15 59 71
22 19 13 89
16 5 47 53
23 18 57 68
18 17 40 69
15 6 28 39
20 14 50 87
21 21 68 92
10 3 70 76
24 24 71 71
24 16 36 83
21 14 18 53
24 24 8 9
13 2 99 99
23 19 34 41
4 3 96 98
15 7 66 98
20 20 16 61
